0.8444, 0.8272, 0.0334, 0.2478, 0.6591  0.0 0.0 0.0 0.0 0.0 1.0 
0.7667, 0.6726, 0.3783, 0.1239, 0.5109  0.0 0.0 0.0 0.0 0.0 1.0 
0.8333, 0.8091, 0.0688, 0.0000, 1.0000  0.0 0.0 0.0 0.0 0.0 1.0 
0.8000, 0.7174, 0.3442, 0.5233, 0.1684  0.0 0.0 0.0 0.0 0.0 1.0 
0.8556, 0.7651, 0.4529, 0.1191, 0.5510  0.0 0.0 0.0 0.0 0.0 1.0 
0.8333, 0.7792, 0.0980, 0.0033, 0.8201  0.0 0.0 0.0 0.0 0.0 1.0 
0.8000, 0.8002, 0.0000, 0.4371, 0.2956  0.0 0.0 0.0 0.0 0.0 1.0 
0.8111, 0.8133, 0.1215, 0.5846, 0.1936  0.0 0.0 0.0 0.0 0.0 1.0 
0.8667, 0.8557, 0.0613, 0.5513, 0.1836  0.0 0.0 0.0 0.0 0.0 1.0 
0.5667, 0.5544, 0.0739, 0.5891, 0.2182  0.0 0.0 0.0 0.0 1.0 0.0 
0.5556, 0.5668, 0.0997, 0.7258, 0.1148  0.0 0.0 0.0 0.0 1.0 0.0 
0.5333, 0.5333, 0.1348, 0.6209, 0.2385  0.0 0.0 0.0 0.0 1.0 0.0 
0.5000, 0.5089, 0.1526, 0.6207, 0.1945  0.0 0.0 0.0 0.0 1.0 0.0 
0.5444, 0.5536, 0.0972, 0.6035, 0.2158  0.0 0.0 0.0 0.0 1.0 0.0 
0.5000, 0.5124, 0.1952, 0.5974, 0.2183  0.0 0.0 0.0 0.0 1.0 0.0 
0.4778, 0.4792, 0.1570, 0.6527, 0.2150  0.0 0.0 0.0 0.0 1.0 0.0 
0.5056, 0.5009, 0.1862, 0.5942, 0.2143  0.0 0.0 0.0 0.0 1.0 0.0 
0.5000, 0.5005, 0.2400, 0.5835, 0.1950  0.0 0.0 0.0 0.0 1.0 0.0 
0.3333, 0.4159, 0.3624, 0.9482, 0.0668  0.0 0.0 0.0 0.0 1.0 1.0 
0.3444, 0.4387, 0.3465, 0.9851, 0.0470  0.0 0.0 0.0 0.0 1.0 1.0 
0.3556, 0.4353, 0.3165, 0.9352, 0.0776  0.0 0.0 0.0 0.0 1.0 1.0 
0.4000, 0.4739, 0.2437, 0.9577, 0.0250  0.0 0.0 0.0 0.0 1.0 1.0 
0.4444, 0.5030, 0.2516, 0.9084, 0.0196  0.0 0.0 0.0 0.0 1.0 1.0 
0.6333, 0.6498, 0.3000, 0.6683, 0.1342  0.0 0.0 0.0 0.0 1.0 1.0 
0.6556, 0.6900, 0.2622, 0.7416, 0.0734  0.0 0.0 0.0 0.0 1.0 1.0 
0.6000, 0.6436, 0.2652, 0.6873, 0.1421  0.0 0.0 0.0 0.0 1.0 1.0 
0.6556, 0.6835, 0.2363, 0.7450, 0.0768  0.0 0.0 0.0 0.0 1.0 1.0 
0.4889, 0.5197, 0.2127, 0.8489, 0.0953  0.0 0.0 0.0 1.0 0.0 0.0 
0.4556, 0.4817, 0.2351, 0.8262, 0.0796  0.0 0.0 0.0 1.0 0.0 0.0 
0.4778, 0.5131, 0.1891, 0.8403, 0.1069  0.0 0.0 0.0 1.0 0.0 0.0 
0.6889, 0.7117, 0.1919, 0.7295, 0.0689  0.0 0.0 0.0 1.0 0.0 0.0 
0.6556, 0.6654, 0.2541, 0.7403, 0.0650  0.0 0.0 0.0 1.0 0.0 0.0 
0.7222, 0.7141, 0.2372, 0.6827, 0.0713  0.0 0.0 0.0 1.0 0.0 0.0 
0.7111, 0.7195, 0.1810, 0.7058, 0.0755  0.0 0.0 0.0 1.0 0.0 0.0 
0.5000, 0.5318, 0.2199, 0.8356, 0.0962  0.0 0.0 0.0 1.0 0.0 0.0 
0.4444, 0.4722, 0.2513, 0.8431, 0.0797  0.0 0.0 0.0 1.0 0.0 0.0 
0.5222, 0.5430, 0.2093, 0.8430, 0.0718  0.0 0.0 0.0 1.0 0.0 1.0 
0.4333, 0.4829, 0.2990, 0.8587, 0.0546  0.0 0.0 0.0 1.0 0.0 1.0 
0.4333, 0.4706, 0.3069, 0.8404, 0.0578  0.0 0.0 0.0 1.0 0.0 1.0 
0.5222, 0.5462, 0.1917, 0.8420, 0.0720  0.0 0.0 0.0 1.0 0.0 1.0 
0.7222, 0.6859, 0.3201, 0.6384, 0.0673  0.0 0.0 0.0 1.0 0.0 1.0 
0.7222, 0.6928, 0.2847, 0.6418, 0.0865  0.0 0.0 0.0 1.0 0.0 1.0 
0.5278, 0.5460, 0.1719, 0.8312, 0.0820  0.0 0.0 0.0 1.0 0.0 1.0 
0.6667, 0.6583, 0.2780, 0.7137, 0.0751  0.0 0.0 0.0 1.0 0.0 1.0 
0.7111, 0.6865, 0.2430, 0.6729, 0.0892  0.0 0.0 0.0 1.0 0.0 1.0 
0.7278, 0.7446, 0.1223, 0.7683, 0.0683  0.0 0.0 0.0 1.0 1.0 0.0 
0.7111, 0.7330, 0.1005, 0.8127, 0.0766  0.0 0.0 0.0 1.0 1.0 0.0 
0.7722, 0.7764, 0.1190, 0.7159, 0.0823  0.0 0.0 0.0 1.0 1.0 0.0 
0.9556, 0.9695, 0.0648, 0.7171, 0.1093  0.0 0.0 0.0 1.0 1.0 0.0 
0.9889, 1.0000, 0.0490, 0.6408, 0.1352  0.0 0.0 0.0 1.0 1.0 0.0 
0.9889, 0.9979, 0.0326, 0.6528, 0.1468  0.0 0.0 0.0 1.0 1.0 0.0 
0.9889, 0.9882, 0.0649, 0.6361, 0.1125  0.0 0.0 0.0 1.0 1.0 0.0 
0.9778, 0.9906, 0.0605, 0.6976, 0.0991  0.0 0.0 0.0 1.0 1.0 0.0 
1.0000, 0.9936, 0.0964, 0.6381, 0.0952  0.0 0.0 0.0 1.0 1.0 0.0 
0.7444, 0.7605, 0.2162, 0.6775, 0.0908  0.0 0.0 0.0 1.0 1.0 1.0 
0.6000, 0.6149, 0.3406, 0.6548, 0.1150  0.0 0.0 0.0 1.0 1.0 1.0 
0.8000, 0.7886, 0.2316, 0.6075, 0.1237  0.0 0.0 0.0 1.0 1.0 1.0 
0.6167, 0.6800, 0.3262, 0.8650, 0.0447  0.0 0.0 0.0 1.0 1.0 1.0 
0.7222, 0.7526, 0.2727, 0.7893, 0.0666  0.0 0.0 0.0 1.0 1.0 1.0 
0.8111, 0.7733, 0.2930, 0.5598, 0.1437  0.0 0.0 0.0 1.0 1.0 1.0 
0.8333, 0.8128, 0.2417, 0.5887, 0.1384  0.0 0.0 0.0 1.0 1.0 1.0 
0.8667, 0.8241, 0.2230, 0.5871, 0.1218  0.0 0.0 0.0 1.0 1.0 1.0 
0.8667, 0.8370, 0.2034, 0.5433, 0.1695  0.0 0.0 0.0 1.0 1.0 1.0 
0.7000, 0.7118, 0.4911, 0.6518, 0.0867  0.0 0.0 1.0 0.0 0.0 0.0 
0.6778, 0.6899, 0.5716, 0.6463, 0.0844  0.0 0.0 1.0 0.0 0.0 0.0 
0.8778, 0.8283, 0.3613, 0.3560, 0.3648  0.0 0.0 1.0 0.0 0.0 0.0 
0.4667, 0.4628, 1.0000, 0.6729, 0.0483  0.0 0.0 1.0 0.0 0.0 0.0 
0.8889, 0.8545, 0.3056, 0.3895, 0.3498  0.0 0.0 1.0 0.0 0.0 0.0 
0.9000, 0.8711, 0.2592, 0.4740, 0.2355  0.0 0.0 1.0 0.0 0.0 0.0 
0.5222, 0.5376, 0.9288, 0.6478, 0.0621  0.0 0.0 1.0 0.0 0.0 0.0 
0.9111, 0.8757, 0.2804, 0.4176, 0.3054  0.0 0.0 1.0 0.0 0.0 0.0 
0.9778, 0.9233, 0.1873, 0.3895, 0.3584  0.0 0.0 1.0 0.0 0.0 0.0 
0.3444, 0.3926, 0.4495, 0.8420, 0.0287  0.0 0.0 1.0 0.0 0.0 1.0 
0.3556, 0.4125, 0.4750, 0.8333, 0.0363  0.0 0.0 1.0 0.0 0.0 1.0 
0.3333, 0.3830, 0.4531, 0.8531, 0.0275  0.0 0.0 1.0 0.0 0.0 1.0 
0.5333, 0.5562, 0.3629, 0.7626, 0.0447  0.0 0.0 1.0 0.0 0.0 1.0 
0.5444, 0.5632, 0.3777, 0.7423, 0.0526  0.0 0.0 1.0 0.0 0.0 1.0 
0.5444, 0.5732, 0.3571, 0.7515, 0.0537  0.0 0.0 1.0 0.0 0.0 1.0 
0.5889, 0.6118, 0.3428, 0.7151, 0.0665  0.0 0.0 1.0 0.0 0.0 1.0 
0.5778, 0.6086, 0.3050, 0.7599, 0.0469  0.0 0.0 1.0 0.0 0.0 1.0 
0.5333, 0.5514, 0.3772, 0.7611, 0.0419  0.0 0.0 1.0 0.0 0.0 1.0 
0.4778, 0.5395, 0.4095, 0.7839, 0.0557  0.0 0.0 1.0 0.0 1.0 0.0 
0.4778, 0.5242, 0.4521, 0.7637, 0.0692  0.0 0.0 1.0 0.0 1.0 0.0 
0.4444, 0.4361, 0.7124, 0.6572, 0.0957  0.0 0.0 1.0 0.0 1.0 0.0 
0.3889, 0.3817, 0.8161, 0.6890, 0.0699  0.0 0.0 1.0 0.0 1.0 0.0 
0.7667, 0.7133, 0.4799, 0.5312, 0.1610  0.0 0.0 1.0 0.0 1.0 0.0 
0.7778, 0.7057, 0.5478, 0.4844, 0.1911  0.0 0.0 1.0 0.0 1.0 0.0 
0.7222, 0.6884, 0.5521, 0.5340, 0.1516  0.0 0.0 1.0 0.0 1.0 0.0 
0.7333, 0.6894, 0.4911, 0.5505, 0.1574  0.0 0.0 1.0 0.0 1.0 0.0 
0.7889, 0.7178, 0.4989, 0.5291, 0.1440  0.0 0.0 1.0 0.0 1.0 0.0 
0.6889, 0.6592, 0.3850, 0.6968, 0.0681  0.0 0.0 1.0 0.0 1.0 1.0 
0.6889, 0.6453, 0.4607, 0.7049, 0.0569  0.0 0.0 1.0 0.0 1.0 1.0 
0.7000, 0.6612, 0.4327, 0.6872, 0.0625  0.0 0.0 1.0 0.0 1.0 1.0 
0.6611, 0.6285, 0.4383, 0.7032, 0.0587  0.0 0.0 1.0 0.0 1.0 1.0 
0.7222, 0.6467, 0.4710, 0.6923, 0.0423  0.0 0.0 1.0 0.0 1.0 1.0 
0.7222, 0.6858, 0.4177, 0.6993, 0.0567  0.0 0.0 1.0 0.0 1.0 1.0 
0.6889, 0.6524, 0.4290, 0.6721, 0.0803  0.0 0.0 1.0 0.0 1.0 1.0 
0.6889, 0.6424, 0.4270, 0.6781, 0.0696  0.0 0.0 1.0 0.0 1.0 1.0 
0.6889, 0.6460, 0.4236, 0.6995, 0.0556  0.0 0.0 1.0 0.0 1.0 1.0 
0.7889, 0.7502, 0.3223, 0.6201, 0.1088  0.0 0.0 1.0 1.0 0.0 0.0 
0.3667, 0.4433, 0.5289, 0.8690, 0.0218  0.0 0.0 1.0 1.0 0.0 0.0 
0.4056, 0.4543, 0.5435, 0.8062, 0.0453  0.0 0.0 1.0 1.0 0.0 0.0 
0.3778, 0.4269, 0.5180, 0.8043, 0.0599  0.0 0.0 1.0 1.0 0.0 0.0 
0.3444, 0.4245, 0.5298, 0.8689, 0.0239  0.0 0.0 1.0 1.0 0.0 0.0 
0.7778, 0.7527, 0.3164, 0.5857, 0.1527  0.0 0.0 1.0 1.0 0.0 0.0 
0.3444, 0.4267, 0.5488, 0.8579, 0.0392  0.0 0.0 1.0 1.0 0.0 0.0 
0.7667, 0.6984, 0.4831, 0.4788, 0.2270  0.0 0.0 1.0 1.0 0.0 0.0 
0.7889, 0.7435, 0.3751, 0.4967, 0.2391  0.0 0.0 1.0 1.0 0.0 0.0 
0.4333, 0.4809, 0.1968, 0.8641, 0.0732  0.0 0.0 1.0 1.0 0.0 1.0 
0.4222, 0.4650, 0.2003, 0.8717, 0.0615  0.0 0.0 1.0 1.0 0.0 1.0 
0.6667, 0.6454, 0.2545, 0.6744, 0.0717  0.0 0.0 1.0 1.0 0.0 1.0 
0.5556, 0.5606, 0.3090, 0.7464, 0.0482  0.0 0.0 1.0 1.0 0.0 1.0 
0.6111, 0.6491, 0.0863, 0.8414, 0.1252  0.0 0.0 1.0 1.0 0.0 1.0 
0.5889, 0.6097, 0.2091, 0.7927, 0.0343  0.0 0.0 1.0 1.0 0.0 1.0 
0.5889, 0.5981, 0.1826, 0.7429, 0.1243  0.0 0.0 1.0 1.0 0.0 1.0 
0.6000, 0.6322, 0.1285, 0.8429, 0.1123  0.0 0.0 1.0 1.0 0.0 1.0 
0.5778, 0.6205, 0.1337, 0.8559, 0.1069  0.0 0.0 1.0 1.0 0.0 1.0 
0.5556, 0.5669, 0.3699, 0.7631, 0.0805  0.0 0.0 1.0 1.0 1.0 0.0 
0.5111, 0.5402, 0.3895, 0.8114, 0.0573  0.0 0.0 1.0 1.0 1.0 0.0 
0.5111, 0.5517, 0.3698, 0.8544, 0.0387  0.0 0.0 1.0 1.0 1.0 0.0 
0.6333, 0.6341, 0.2797, 0.7604, 0.0771  0.0 0.0 1.0 1.0 1.0 0.0 
0.5667, 0.5684, 0.3832, 0.7399, 0.1065  0.0 0.0 1.0 1.0 1.0 0.0 
0.5000, 0.5402, 0.3912, 0.8258, 0.0449  0.0 0.0 1.0 1.0 1.0 0.0 
0.5778, 0.5811, 0.3926, 0.7123, 0.1153  0.0 0.0 1.0 1.0 1.0 0.0 
0.5667, 0.5815, 0.2970, 0.7510, 0.1093  0.0 0.0 1.0 1.0 1.0 0.0 
0.4667, 0.5196, 0.3955, 0.8572, 0.0258  0.0 0.0 1.0 1.0 1.0 0.0 
0.6000, 0.5386, 0.2703, 0.5145, 0.1395  0.0 0.0 1.0 1.0 1.0 1.0 
0.5333, 0.5488, 0.1408, 0.7569, 0.0813  0.0 0.0 1.0 1.0 1.0 1.0 
0.6111, 0.5669, 0.2175, 0.5457, 0.1236  0.0 0.0 1.0 1.0 1.0 1.0 
0.5778, 0.5464, 0.2076, 0.5388, 0.1440  0.0 0.0 1.0 1.0 1.0 1.0 
0.5111, 0.5305, 0.1704, 0.7174, 0.0814  0.0 0.0 1.0 1.0 1.0 1.0 
0.5778, 0.5355, 0.3060, 0.5107, 0.1619  0.0 0.0 1.0 1.0 1.0 1.0 
0.5111, 0.5064, 0.1965, 0.7497, 0.0783  0.0 0.0 1.0 1.0 1.0 1.0 
0.5889, 0.5234, 0.2892, 0.4926, 0.1615  0.0 0.0 1.0 1.0 1.0 1.0 
0.5222, 0.5146, 0.2005, 0.7136, 0.0835  0.0 0.0 1.0 1.0 1.0 1.0 
0.4444, 0.3966, 0.3825, 0.7181, 0.0436  0.0 1.0 0.0 0.0 0.0 0.0 
0.7333, 0.6892, 0.1115, 0.4597, 0.2053  0.0 1.0 0.0 0.0 0.0 0.0 
0.7444, 0.7089, 0.0948, 0.5162, 0.1643  0.0 1.0 0.0 0.0 0.0 0.0 
0.7778, 0.7712, 0.3745, 0.6849, 0.0620  0.0 1.0 0.0 0.0 0.0 0.0 
0.7889, 0.7983, 0.3545, 0.6890, 0.0626  0.0 1.0 0.0 0.0 0.0 0.0 
0.4889, 0.4746, 0.3395, 0.7708, 0.0493  0.0 1.0 0.0 0.0 0.0 0.0 
0.7111, 0.6312, 0.2155, 0.3966, 0.2410  0.0 1.0 0.0 0.0 0.0 0.0 
0.7444, 0.6958, 0.1038, 0.4472, 0.2050  0.0 1.0 0.0 0.0 0.0 0.0 
0.7111, 0.6576, 0.1109, 0.4857, 0.1814  0.0 1.0 0.0 0.0 0.0 0.0 
0.5889, 0.6214, 0.3763, 0.8047, 0.0441  0.0 1.0 0.0 0.0 0.0 1.0 
0.6111, 0.6225, 0.4221, 0.7585, 0.0560  0.0 1.0 0.0 0.0 0.0 1.0 
0.4722, 0.5249, 0.4521, 0.8790, 0.0197  0.0 1.0 0.0 0.0 0.0 1.0 
0.4222, 0.4901, 0.4811, 0.8850, 0.0278  0.0 1.0 0.0 0.0 0.0 1.0 
0.6222, 0.6458, 0.3542, 0.8056, 0.0396  0.0 1.0 0.0 0.0 0.0 1.0 
0.6667, 0.6640, 0.3220, 0.6691, 0.0896  0.0 1.0 0.0 0.0 0.0 1.0 
0.6667, 0.6407, 0.3868, 0.6285, 0.1009  0.0 1.0 0.0 0.0 0.0 1.0 
0.7111, 0.7109, 0.2691, 0.6788, 0.0842  0.0 1.0 0.0 0.0 0.0 1.0 
0.6667, 0.6751, 0.3144, 0.7007, 0.0700  0.0 1.0 0.0 0.0 0.0 1.0 
0.8333, 0.7743, 0.3064, 0.5735, 0.0959  0.0 1.0 0.0 0.0 1.0 0.0 
0.6889, 0.6535, 0.3070, 0.6565, 0.0761  0.0 1.0 0.0 0.0 1.0 0.0 
0.7111, 0.6787, 0.2696, 0.6526, 0.0861  0.0 1.0 0.0 0.0 1.0 0.0 
0.5889, 0.6004, 0.3576, 0.6985, 0.0923  0.0 1.0 0.0 0.0 1.0 0.0 
0.6222, 0.6511, 0.2422, 0.7678, 0.0554  0.0 1.0 0.0 0.0 1.0 0.0 
0.8111, 0.7933, 0.2151, 0.6038, 0.1149  0.0 1.0 0.0 0.0 1.0 0.0 
0.8222, 0.7845, 0.2596, 0.5789, 0.1101  0.0 1.0 0.0 0.0 1.0 0.0 
0.7111, 0.6793, 0.2538, 0.6756, 0.0758  0.0 1.0 0.0 0.0 1.0 0.0 
0.8333, 0.8081, 0.2101, 0.5796, 0.1205  0.0 1.0 0.0 0.0 1.0 0.0 
0.5889, 0.5829, 0.3401, 0.7271, 0.1046  0.0 1.0 0.0 0.0 1.0 1.0 
0.5556, 0.5727, 0.2852, 0.7845, 0.1104  0.0 1.0 0.0 0.0 1.0 1.0 
0.6111, 0.6149, 0.3145, 0.7579, 0.0730  0.0 1.0 0.0 0.0 1.0 1.0 
0.6333, 0.6560, 0.3089, 0.7231, 0.1174  0.0 1.0 0.0 0.0 1.0 1.0 
0.6444, 0.6591, 0.3866, 0.7095, 0.1012  0.0 1.0 0.0 0.0 1.0 1.0 
0.6111, 0.6005, 0.3069, 0.6720, 0.1401  0.0 1.0 0.0 0.0 1.0 1.0 
0.6000, 0.6445, 0.2432, 0.8297, 0.0665  0.0 1.0 0.0 0.0 1.0 1.0 
0.6556, 0.6716, 0.2871, 0.7714, 0.0694  0.0 1.0 0.0 0.0 1.0 1.0 
0.6333, 0.6523, 0.2771, 0.7498, 0.0823  0.0 1.0 0.0 0.0 1.0 1.0 
0.2778, 0.3206, 0.3025, 0.8400, 0.0910  0.0 1.0 0.0 1.0 0.0 0.0 
0.3111, 0.3453, 0.2546, 0.8293, 0.0897  0.0 1.0 0.0 1.0 0.0 0.0 
0.3444, 0.3614, 0.2263, 0.7901, 0.1248  0.0 1.0 0.0 1.0 0.0 0.0 
0.5222, 0.5139, 0.4009, 0.6862, 0.0788  0.0 1.0 0.0 1.0 0.0 0.0 
0.6667, 0.6416, 0.3362, 0.6663, 0.0924  0.0 1.0 0.0 1.0 0.0 0.0 
0.5111, 0.4923, 0.4414, 0.7253, 0.0457  0.0 1.0 0.0 1.0 0.0 0.0 
0.7222, 0.6873, 0.2983, 0.6458, 0.1104  0.0 1.0 0.0 1.0 0.0 0.0 
0.6222, 0.6065, 0.3244, 0.7212, 0.0955  0.0 1.0 0.0 1.0 0.0 0.0 
0.7000, 0.6898, 0.3009, 0.6981, 0.0791  0.0 1.0 0.0 1.0 0.0 0.0 
0.2111, 0.2614, 0.1502, 0.8815, 0.0870  0.0 1.0 0.0 1.0 0.0 1.0 
0.2444, 0.2730, 0.1363, 0.8436, 0.0758  0.0 1.0 0.0 1.0 0.0 1.0 
0.2333, 0.2730, 0.1319, 0.8512, 0.0735  0.0 1.0 0.0 1.0 0.0 1.0 
0.4333, 0.4451, 0.1190, 0.7515, 0.1055  0.0 1.0 0.0 1.0 0.0 1.0 
0.4556, 0.4660, 0.1209, 0.7772, 0.0703  0.0 1.0 0.0 1.0 0.0 1.0 
0.4556, 0.4731, 0.1030, 0.8056, 0.0694  0.0 1.0 0.0 1.0 0.0 1.0 
0.4667, 0.4693, 0.1494, 0.6475, 0.1566  0.0 1.0 0.0 1.0 0.0 1.0 
0.4222, 0.4262, 0.1366, 0.7224, 0.1065  0.0 1.0 0.0 1.0 0.0 1.0 
0.4111, 0.4409, 0.1099, 0.7964, 0.1073  0.0 1.0 0.0 1.0 0.0 1.0 
0.1222, 0.1195, 0.1176, 0.8451, 0.1028  0.0 1.0 0.0 1.0 1.0 0.0 
0.1111, 0.1262, 0.1129, 0.8944, 0.0962  0.0 1.0 0.0 1.0 1.0 0.0 
0.0889, 0.0958, 0.1455, 0.8685, 0.0831  0.0 1.0 0.0 1.0 1.0 0.0 
0.1667, 0.1651, 0.0677, 0.7804, 0.1598  0.0 1.0 0.0 1.0 1.0 0.0 
0.1333, 0.1417, 0.1483, 0.9167, 0.1358  0.0 1.0 0.0 1.0 1.0 0.0 
0.1333, 0.1181, 0.0617, 0.7630, 0.0985  0.0 1.0 0.0 1.0 1.0 0.0 
0.1111, 0.1194, 0.1321, 0.8956, 0.0974  0.0 1.0 0.0 1.0 1.0 0.0 
0.0944, 0.1049, 0.1210, 0.8959, 0.0865  0.0 1.0 0.0 1.0 1.0 0.0 
0.1222, 0.1210, 0.0909, 0.8239, 0.1091  0.0 1.0 0.0 1.0 1.0 0.0 
0.7333, 0.7642, 0.2179, 0.7534, 0.0386  0.0 1.0 0.0 1.0 1.0 1.0 
0.6778, 0.6944, 0.2827, 0.7888, 0.0189  0.0 1.0 0.0 1.0 1.0 1.0 
0.4778, 0.5298, 0.3403, 0.8882, 0.0079  0.0 1.0 0.0 1.0 1.0 1.0 
0.5889, 0.6146, 0.3325, 0.8131, 0.0064  0.0 1.0 0.0 1.0 1.0 1.0 
0.4444, 0.5260, 0.3447, 0.9348, 0.0139  0.0 1.0 0.0 1.0 1.0 1.0 
0.6611, 0.6585, 0.3103, 0.7338, 0.0318  0.0 1.0 0.0 1.0 1.0 1.0 
0.5667, 0.5867, 0.3358, 0.8160, 0.0039  0.0 1.0 0.0 1.0 1.0 1.0 
0.6778, 0.6942, 0.2829, 0.7962, 0.0148  0.0 1.0 0.0 1.0 1.0 1.0 
0.7889, 0.7696, 0.2841, 0.6538, 0.0618  0.0 1.0 0.0 1.0 1.0 1.0 
0.5333, 0.5063, 0.0999, 0.4781, 0.2436  0.0 1.0 1.0 0.0 0.0 0.0 
0.5333, 0.5105, 0.0665, 0.4520, 0.2900  0.0 1.0 1.0 0.0 0.0 0.0 
0.3222, 0.3387, 0.3517, 0.7588, 0.0424  0.0 1.0 1.0 0.0 0.0 0.0 
0.4222, 0.4272, 0.2554, 0.7311, 0.0696  0.0 1.0 1.0 0.0 0.0 0.0 
0.3444, 0.3734, 0.2971, 0.8440, 0.0417  0.0 1.0 1.0 0.0 0.0 0.0 
0.5333, 0.5084, 0.0814, 0.3899, 0.3286  0.0 1.0 1.0 0.0 0.0 0.0 
0.5333, 0.4985, 0.0782, 0.4502, 0.2520  0.0 1.0 1.0 0.0 0.0 0.0 
0.5333, 0.5304, 0.0471, 0.3961, 0.4004  0.0 1.0 1.0 0.0 0.0 0.0 
0.3889, 0.4099, 0.2538, 0.7623, 0.0618  0.0 1.0 1.0 0.0 0.0 0.0 
0.5333, 0.5923, 0.3373, 0.8481, 0.0263  0.0 1.0 1.0 0.0 0.0 1.0 
0.3444, 0.4276, 0.3616, 0.9660, 0.0262  0.0 1.0 1.0 0.0 0.0 1.0 
0.5333, 0.6028, 0.3171, 0.8534, 0.0200  0.0 1.0 1.0 0.0 0.0 1.0 
0.4889, 0.5374, 0.2990, 0.8821, 0.0154  0.0 1.0 1.0 0.0 0.0 1.0 
0.5111, 0.5533, 0.2981, 0.8813, 0.0094  0.0 1.0 1.0 0.0 0.0 1.0 
0.4111, 0.4852, 0.3535, 0.9447, 0.0198  0.0 1.0 1.0 0.0 0.0 1.0 
0.5667, 0.6318, 0.2995, 0.8517, 0.0051  0.0 1.0 1.0 0.0 0.0 1.0 
0.6111, 0.6462, 0.2975, 0.8177, 0.0000  0.0 1.0 1.0 0.0 0.0 1.0 
0.4222, 0.4936, 0.3372, 0.9251, 0.0166  0.0 1.0 1.0 0.0 0.0 1.0 
0.4333, 0.4590, 0.4521, 0.8471, 0.0306  0.0 1.0 1.0 0.0 1.0 0.0 
0.5444, 0.5445, 0.4198, 0.7877, 0.0324  0.0 1.0 1.0 0.0 1.0 0.0 
0.4556, 0.4629, 0.4435, 0.7249, 0.0806  0.0 1.0 1.0 0.0 1.0 0.0 
0.2444, 0.2892, 0.6795, 0.7384, 0.1203  0.0 1.0 1.0 0.0 1.0 0.0 
0.3000, 0.3326, 0.6433, 0.6778, 0.1469  0.0 1.0 1.0 0.0 1.0 0.0 
0.5667, 0.5783, 0.3897, 0.7383, 0.0602  0.0 1.0 1.0 0.0 1.0 0.0 
0.8000, 0.7827, 0.2019, 0.6699, 0.0599  0.0 1.0 1.0 0.0 1.0 0.0 
0.5222, 0.5374, 0.3879, 0.8143, 0.0227  0.0 1.0 1.0 0.0 1.0 0.0 
0.5556, 0.5678, 0.4022, 0.7512, 0.0524  0.0 1.0 1.0 0.0 1.0 0.0 
0.5556, 0.5664, 0.2888, 0.6960, 0.1325  0.0 1.0 1.0 0.0 1.0 1.0 
0.5222, 0.5407, 0.2832, 0.6753, 0.1584  0.0 1.0 1.0 0.0 1.0 1.0 
0.5667, 0.5773, 0.2958, 0.6485, 0.1686  0.0 1.0 1.0 0.0 1.0 1.0 
0.5444, 0.5599, 0.3148, 0.6705, 0.1511  0.0 1.0 1.0 0.0 1.0 1.0 
0.5667, 0.5843, 0.3009, 0.7125, 0.1138  0.0 1.0 1.0 0.0 1.0 1.0 
0.5222, 0.5305, 0.3968, 0.6428, 0.1540  0.0 1.0 1.0 0.0 1.0 1.0 
0.5778, 0.5853, 0.3137, 0.6395, 0.1696  0.0 1.0 1.0 0.0 1.0 1.0 
0.5444, 0.5580, 0.3080, 0.6671, 0.1627  0.0 1.0 1.0 0.0 1.0 1.0 
0.5444, 0.5751, 0.3041, 0.6902, 0.1441  0.0 1.0 1.0 0.0 1.0 1.0 
0.6222, 0.5585, 0.3574, 0.6939, 0.0399  0.0 1.0 1.0 1.0 0.0 0.0 
0.5778, 0.5403, 0.3822, 0.7107, 0.0434  0.0 1.0 1.0 1.0 0.0 0.0 
0.6667, 0.5985, 0.3464, 0.6875, 0.0355  0.0 1.0 1.0 1.0 0.0 0.0 
0.6333, 0.5835, 0.2656, 0.6864, 0.0606  0.0 1.0 1.0 1.0 0.0 0.0 
0.5667, 0.5347, 0.3750, 0.7223, 0.0387  0.0 1.0 1.0 1.0 0.0 0.0 
0.6222, 0.5596, 0.3609, 0.6925, 0.0417  0.0 1.0 1.0 1.0 0.0 0.0 
0.5333, 0.5027, 0.4269, 0.7429, 0.0317  0.0 1.0 1.0 1.0 0.0 0.0 
0.6111, 0.5676, 0.3605, 0.7033, 0.0386  0.0 1.0 1.0 1.0 0.0 0.0 
0.5000, 0.4824, 0.4603, 0.7418, 0.0300  0.0 1.0 1.0 1.0 0.0 0.0 
0.1556, 0.1903, 0.1461, 0.8607, 0.1102  0.0 1.0 1.0 1.0 0.0 1.0 
0.1444, 0.1647, 0.2022, 0.8029, 0.1163  0.0 1.0 1.0 1.0 0.0 1.0 
0.1667, 0.2148, 0.1159, 0.9098, 0.1099  0.0 1.0 1.0 1.0 0.0 1.0 
0.4111, 0.4241, 0.1770, 0.6910, 0.1215  0.0 1.0 1.0 1.0 0.0 1.0 
0.5222, 0.5283, 0.1194, 0.6700, 0.1086  0.0 1.0 1.0 1.0 0.0 1.0 
0.4667, 0.4958, 0.1353, 0.6305, 0.1728  0.0 1.0 1.0 1.0 0.0 1.0 
0.4222, 0.4614, 0.1432, 0.7006, 0.1419  0.0 1.0 1.0 1.0 0.0 1.0 
0.4778, 0.4603, 0.2070, 0.6862, 0.1037  0.0 1.0 1.0 1.0 0.0 1.0 
0.1111, 0.1751, 0.1351, 0.9321, 0.1173  0.0 1.0 1.0 1.0 0.0 1.0 
0.4222, 0.4035, 0.2797, 0.7015, 0.0551  0.0 1.0 1.0 1.0 1.0 0.0 
0.2667, 0.2884, 0.2283, 0.7739, 0.0626  0.0 1.0 1.0 1.0 1.0 0.0 
0.3889, 0.3947, 0.3199, 0.7302, 0.0420  0.0 1.0 1.0 1.0 1.0 0.0 
0.3222, 0.3134, 0.1759, 0.7030, 0.0859  0.0 1.0 1.0 1.0 1.0 0.0 
0.3000, 0.3059, 0.1706, 0.7429, 0.0721  0.0 1.0 1.0 1.0 1.0 0.0 
0.4889, 0.4585, 0.2022, 0.6232, 0.1045  0.0 1.0 1.0 1.0 1.0 0.0 
0.3222, 0.3147, 0.1463, 0.6708, 0.1238  0.0 1.0 1.0 1.0 1.0 0.0 
0.3222, 0.3045, 0.1824, 0.6955, 0.0891  0.0 1.0 1.0 1.0 1.0 0.0 
0.5000, 0.4593, 0.1699, 0.5592, 0.1513  0.0 1.0 1.0 1.0 1.0 0.0 
0.3222, 0.3612, 0.1078, 0.9490, 0.1606  0.0 1.0 1.0 1.0 1.0 1.0 
0.2889, 0.3031, 0.0926, 0.8454, 0.1449  0.0 1.0 1.0 1.0 1.0 1.0 
0.3111, 0.3306, 0.0863, 0.9037, 0.1687  0.0 1.0 1.0 1.0 1.0 1.0 
0.2667, 0.2880, 0.0919, 0.8926, 0.1847  0.0 1.0 1.0 1.0 1.0 1.0 
0.2778, 0.3011, 0.1017, 0.8581, 0.1527  0.0 1.0 1.0 1.0 1.0 1.0 
0.3111, 0.3628, 0.1019, 1.0000, 0.1353  0.0 1.0 1.0 1.0 1.0 1.0 
0.2667, 0.3173, 0.1138, 0.9160, 0.1196  0.0 1.0 1.0 1.0 1.0 1.0 
0.3222, 0.3673, 0.1201, 0.9529, 0.1575  0.0 1.0 1.0 1.0 1.0 1.0 
0.3222, 0.3637, 0.0969, 0.9122, 0.1579  0.0 1.0 1.0 1.0 1.0 1.0 
0.6222, 0.6201, 0.2171, 0.6696, 0.1352  1.0 0.0 0.0 0.0 0.0 0.0 
0.6333, 0.6131, 0.2734, 0.7104, 0.1169  1.0 0.0 0.0 0.0 0.0 0.0 
0.5889, 0.5659, 0.2904, 0.6722, 0.1510  1.0 0.0 0.0 0.0 0.0 0.0 
0.7111, 0.7081, 0.2150, 0.6182, 0.1893  1.0 0.0 0.0 0.0 0.0 0.0 
0.6111, 0.6001, 0.2168, 0.6175, 0.1695  1.0 0.0 0.0 0.0 0.0 0.0 
0.6778, 0.6659, 0.1937, 0.6043, 0.1679  1.0 0.0 0.0 0.0 0.0 0.0 
0.5444, 0.5560, 0.2021, 0.7019, 0.0999  1.0 0.0 0.0 0.0 0.0 0.0 
0.6667, 0.6837, 0.2301, 0.6901, 0.1379  1.0 0.0 0.0 0.0 0.0 0.0 
0.6667, 0.6524, 0.2910, 0.5244, 0.2297  1.0 0.0 0.0 0.0 0.0 0.0 
0.2111, 0.2213, 0.1481, 0.7538, 0.1029  1.0 0.0 0.0 0.0 0.0 1.0 
0.2111, 0.2289, 0.1799, 0.8411, 0.0886  1.0 0.0 0.0 0.0 0.0 1.0 
0.1778, 0.1954, 0.1658, 0.8392, 0.1164  1.0 0.0 0.0 0.0 0.0 1.0 
0.1889, 0.2220, 0.1718, 0.8630, 0.0851  1.0 0.0 0.0 0.0 0.0 1.0 
0.3778, 0.3763, 0.0860, 0.6880, 0.1202  1.0 0.0 0.0 0.0 0.0 1.0 
0.3778, 0.3738, 0.0958, 0.6632, 0.0982  1.0 0.0 0.0 0.0 0.0 1.0 
0.3889, 0.3824, 0.0846, 0.6940, 0.1181  1.0 0.0 0.0 0.0 0.0 1.0 
0.3778, 0.3865, 0.1232, 0.7074, 0.1071  1.0 0.0 0.0 0.0 0.0 1.0 
0.3889, 0.3895, 0.0732, 0.6652, 0.1340  1.0 0.0 0.0 0.0 0.0 1.0 
0.1222, 0.1408, 0.1223, 0.7126, 0.1142  1.0 0.0 0.0 0.0 1.0 0.0 
0.1222, 0.1389, 0.1155, 0.6974, 0.1197  1.0 0.0 0.0 0.0 1.0 0.0 
0.1333, 0.1447, 0.0956, 0.7510, 0.0959  1.0 0.0 0.0 0.0 1.0 0.0 
0.0667, 0.0997, 0.1752, 0.8044, 0.0602  1.0 0.0 0.0 0.0 1.0 0.0 
0.0111, 0.0203, 0.2210, 0.7898, 0.0485  1.0 0.0 0.0 0.0 1.0 0.0 
0.1222, 0.1436, 0.0805, 0.7956, 0.0784  1.0 0.0 0.0 0.0 1.0 0.0 
0.0000, 0.0000, 0.2397, 0.7973, 0.0386  1.0 0.0 0.0 0.0 1.0 0.0 
0.1444, 0.1669, 0.0856, 0.7639, 0.0834  1.0 0.0 0.0 0.0 1.0 0.0 
0.1333, 0.1546, 0.0945, 0.7396, 0.0996  1.0 0.0 0.0 0.0 1.0 0.0 
0.2778, 0.3516, 0.3863, 0.8632, 0.0702  1.0 0.0 0.0 0.0 1.0 1.0 
0.2889, 0.3277, 0.4897, 0.8027, 0.1016  1.0 0.0 0.0 0.0 1.0 1.0 
0.2556, 0.3332, 0.4443, 0.9061, 0.0313  1.0 0.0 0.0 0.0 1.0 1.0 
0.2889, 0.3390, 0.4167, 0.9008, 0.0431  1.0 0.0 0.0 0.0 1.0 1.0 
0.6000, 0.5778, 0.4034, 0.6788, 0.0729  1.0 0.0 0.0 0.0 1.0 1.0 
0.5667, 0.5712, 0.3361, 0.7255, 0.0695  1.0 0.0 0.0 0.0 1.0 1.0 
0.5333, 0.5221, 0.4467, 0.7063, 0.0667  1.0 0.0 0.0 0.0 1.0 1.0 
0.5444, 0.5532, 0.3662, 0.7506, 0.0559  1.0 0.0 0.0 0.0 1.0 1.0 
0.5889, 0.5811, 0.3990, 0.7004, 0.0727  1.0 0.0 0.0 0.0 1.0 1.0 
0.8556, 0.7989, 0.4453, 0.6104, 0.0994  1.0 0.0 0.0 1.0 0.0 0.0 
0.5889, 0.5468, 0.1241, 0.5439, 0.1769  1.0 0.0 0.0 1.0 0.0 0.0 
0.5889, 0.5464, 0.3215, 0.6293, 0.1068  1.0 0.0 0.0 1.0 0.0 0.0 
0.6111, 0.5819, 0.3550, 0.6603, 0.0812  1.0 0.0 0.0 1.0 0.0 0.0 
0.8556, 0.8140, 0.4024, 0.6029, 0.1085  1.0 0.0 0.0 1.0 0.0 0.0 
0.5556, 0.5184, 0.1509, 0.5590, 0.1608  1.0 0.0 0.0 1.0 0.0 0.0 
0.5778, 0.5426, 0.1069, 0.5389, 0.1734  1.0 0.0 0.0 1.0 0.0 0.0 
0.5889, 0.5438, 0.3350, 0.6440, 0.1061  1.0 0.0 0.0 1.0 0.0 0.0 
0.6444, 0.6099, 0.2096, 0.6475, 0.0971  1.0 0.0 0.0 1.0 0.0 0.0 
0.5111, 0.5069, 0.4341, 0.7808, 0.0370  1.0 0.0 0.0 1.0 0.0 1.0 
0.2556, 0.2901, 0.5271, 0.9384, 0.0392  1.0 0.0 0.0 1.0 0.0 1.0 
0.5222, 0.5188, 0.3735, 0.7733, 0.0425  1.0 0.0 0.0 1.0 0.0 1.0 
0.2444, 0.2683, 0.5394, 0.9400, 0.0332  1.0 0.0 0.0 1.0 0.0 1.0 
0.2778, 0.2961, 0.4974, 0.9222, 0.0381  1.0 0.0 0.0 1.0 0.0 1.0 
0.2778, 0.3032, 0.5049, 0.9021, 0.0353  1.0 0.0 0.0 1.0 0.0 1.0 
0.5000, 0.4796, 0.4814, 0.7838, 0.0230  1.0 0.0 0.0 1.0 0.0 1.0 
0.2444, 0.2780, 0.4362, 0.9434, 0.0564  1.0 0.0 0.0 1.0 0.0 1.0 
0.5333, 0.5230, 0.4105, 0.7656, 0.0417  1.0 0.0 0.0 1.0 0.0 1.0 
0.6778, 0.6837, 0.2190, 0.7079, 0.0648  1.0 0.0 0.0 1.0 1.0 0.0 
0.5111, 0.5401, 0.3298, 0.7815, 0.0640  1.0 0.0 0.0 1.0 1.0 0.0 
0.4889, 0.5066, 0.3966, 0.8008, 0.0540  1.0 0.0 0.0 1.0 1.0 0.0 
0.6889, 0.6790, 0.2825, 0.6781, 0.0652  1.0 0.0 0.0 1.0 1.0 0.0 
0.4889, 0.5155, 0.3840, 0.7741, 0.0578  1.0 0.0 0.0 1.0 1.0 0.0 
0.6889, 0.6835, 0.2492, 0.7381, 0.0413  1.0 0.0 0.0 1.0 1.0 0.0 
0.5000, 0.5207, 0.3578, 0.7633, 0.0671  1.0 0.0 0.0 1.0 1.0 0.0 
0.6556, 0.6324, 0.3653, 0.7001, 0.0403  1.0 0.0 0.0 1.0 1.0 0.0 
0.7111, 0.7128, 0.2200, 0.6708, 0.0807  1.0 0.0 0.0 1.0 1.0 0.0 
0.1667, 0.1847, 0.0584, 0.8368, 0.0915  1.0 0.0 0.0 1.0 1.0 1.0 
0.1111, 0.0889, 0.0962, 0.8111, 0.0620  1.0 0.0 0.0 1.0 1.0 1.0 
0.1556, 0.1640, 0.0380, 0.7535, 0.0939  1.0 0.0 0.0 1.0 1.0 1.0 
0.0778, 0.1112, 0.0379, 0.7834, 0.1122  1.0 0.0 0.0 1.0 1.0 1.0 
0.1000, 0.1480, 0.1702, 0.8920, 0.0872  1.0 0.0 0.0 1.0 1.0 1.0 
0.1000, 0.1309, 0.2030, 0.9024, 0.0794  1.0 0.0 0.0 1.0 1.0 1.0 
0.0667, 0.1129, 0.1949, 0.9102, 0.0690  1.0 0.0 0.0 1.0 1.0 1.0 
0.1444, 0.1726, 0.1942, 0.8816, 0.0556  1.0 0.0 0.0 1.0 1.0 1.0 
0.1444, 0.1700, 0.1734, 0.8448, 0.0634  1.0 0.0 0.0 1.0 1.0 1.0 
0.4333, 0.4611, 0.3937, 0.7793, 0.0577  1.0 0.0 1.0 0.0 0.0 0.0 
0.7333, 0.7222, 0.1773, 0.7028, 0.0695  1.0 0.0 1.0 0.0 0.0 0.0 
0.7222, 0.7192, 0.1793, 0.7411, 0.0461  1.0 0.0 1.0 0.0 0.0 0.0 
0.4667, 0.5089, 0.3506, 0.8541, 0.0179  1.0 0.0 1.0 0.0 0.0 0.0 
0.7667, 0.7480, 0.1866, 0.6636, 0.0908  1.0 0.0 1.0 0.0 0.0 0.0 
0.4222, 0.4720, 0.3726, 0.8284, 0.0399  1.0 0.0 1.0 0.0 0.0 0.0 
0.7556, 0.7408, 0.2058, 0.6336, 0.0948  1.0 0.0 1.0 0.0 0.0 0.0 
0.3667, 0.4421, 0.3941, 0.8597, 0.0385  1.0 0.0 1.0 0.0 0.0 0.0 
0.7556, 0.7341, 0.2615, 0.5993, 0.1064  1.0 0.0 1.0 0.0 0.0 0.0 
